103.9293919313895
120.47491445985465
84.41892974394327
102.44278892025721
113.01166748168767
108.1184964562843
143.05575280651735
154.74019637542932
159.915310783168
155.25934798336243
153.40294171271546
209.86138100814603
166.74415435513583
195.01520546131636
160.32626445118072
177.8818301190842
135.58107661181577
131.5673808418692
128.48211077248098
133.21845629061522
154.48047046649984
132.46124010200867
100.84269862622756
142.0125537379157
133.44931672497276
159.921341694742
157.3831940394955
134.90326508283843
156.5614639146173
138.1444558241052
150.7648276411763
109.5858085319313
138.56738263853887
99.88453813163613
154.42487101120352
142.02322218291073
200.51781648750273
159.8048309750755
203.93746520958263
173.3584023042071
271.50029170469895
194.29236293560368
153.74609608395497
124.21056983220204
121.81376629957309
155.09086233532503
141.70446820898215
169.6170442026473
205.94229291947605
201.13908688331242
