384.57255372455774
930.8051415987652
930.8051415987652
930.8051415987652
930.8051415987652
930.8051415987652
930.8051415987652
930.8051415987652
1031.218987148433
1031.218987148433
1185.6917565812598
1202.3539758251434
1202.3539758251434
1202.3539758251434
1202.3539758251434
1202.3539758251434
1202.3539758251434
1202.3539758251434
1202.3539758251434
1202.3539758251434
1202.3539758251434
1202.3539758251434
1202.3539758251434
1202.3539758251434
1202.3539758251434
1536.181554043339
1536.181554043339
1536.181554043339
1536.181554043339
1536.181554043339
1536.181554043339
1536.181554043339
2132.7044973801253
2132.7044973801253
2343.8961947021353
2343.8961947021353
2591.5842065316997
2591.5842065316997
2591.5842065316997
2591.5842065316997
2695.847394310398
2695.847394310398
2695.847394310398
2695.847394310398
2695.847394310398
2695.847394310398
2695.847394310398
2695.847394310398
2695.847394310398
2695.847394310398
