143.95013821224876
161.71980004829982
169.5211731223071
163.343235955202
167.5616897815543
161.54333746692873
196.92367822957328
364.82890582611975
375.2938446059471
301.84227717433083
333.01692308029556
347.85987712301363
262.2810752981644
255.69189976994804
227.98808898428263
267.2422085133546
300.36697796565585
302.93266475675927
367.9479053990564
379.3921411150929
179.5285998227727
196.23277701608038
215.81166927340522
258.61962397029964
272.17939552920575
294.4924688679078
263.1214852982717
325.4480607144627
235.10750952480933
383.43156868741653
319.5657517173759
496.7382582206064
456.5830863078243
325.6989829450369
342.60931795451995
319.6525568468784
232.19576408058788
275.59009443322697
473.26854317144114
364.74031595739586
341.1769189311282
461.6316173225792
328.796362888084
242.62801096595052
326.24178264577887
351.37778044045086
354.8547671009538
250.5016949026362
329.1067244805544
476.0288351036099
