744.7542374569398
1294.0983502358404
1509.512988414375
1509.512988414375
1509.512988414375
2249.2538847998685
2249.2538847998685
2635.2415893904017
2813.282950979504
2813.282950979504
2813.282950979504
2863.188664513972
2863.188664513972
2863.188664513972
2863.188664513972
3450.8573166458777
3921.464568906034
3921.464568906034
3921.464568906034
4346.994801076158
4346.994801076158
4346.994801076158
4346.994801076158
4346.994801076158
4346.994801076158
4346.994801076158
4346.994801076158
4346.994801076158
4346.994801076158
4718.253670216323
4718.253670216323
4718.253670216323
4718.253670216323
4718.253670216323
4718.253670216323
4718.253670216323
4718.253670216323
4718.253670216323
4718.253670216323
4718.253670216323
4718.253670216323
5109.697632994888
5109.697632994888
5109.697632994888
5109.697632994888
5109.697632994888
5109.697632994888
5109.697632994888
5109.697632994888
5806.0342814682435
