-333.85017945708074
-798.327965638711
-490.3373576218859
-731.8641046221571
-584.08044045129
-819.3812107696161
-559.2971351035642
-1030.0039529375708
-639.3547356247378
-396.5887153150285
-628.789976043646
-545.9079963211063
-469.429677109582
-648.212867513349
-386.58804751857895
-662.8410413357288
-603.4452146832958
-486.2491283069428
-635.8969925420961
-394.17360236152496
-572.7185102216029
-365.93537086460026
-467.39112093955447
-465.64718137203823
-447.0799751448148
-807.5819308264897
-589.0937744316008
-469.4635764130042
-514.6422447159646
-313.03981471076366
