467.1353798996852
467.1353798996852
598.4969511441512
899.9696199272856
899.9696199272856
1162.776950272633
1529.9907850923878
1846.4820360411704
1846.4820360411704
1846.4820360411704
1846.4820360411704
1846.4820360411704
2244.9591660413043
2244.9591660413043
2244.9591660413043
2244.9591660413043
2244.9591660413043
2244.9591660413043
2244.9591660413043
2244.9591660413043
2244.9591660413043
2244.9591660413043
2244.9591660413043
2743.2304777551562
2743.2304777551562
3078.864401687442
3078.864401687442
3078.864401687442
3078.864401687442
3078.864401687442
